0 0.03125 0.7728365384615384 0.057692307692307696 0.09375
0 0.125 0.7764423076923077 0.09134615384615384 0.09615384615384616
0 0.22716346153846154 0.78125 0.09375 0.09615384615384616
0 0.32091346153846156 0.8052884615384616 0.12259615384615384 0.09615384615384616
0 0.08653846153846154 0.6658653846153846 0.057692307692307696 0.052884615384615384
0 0.18028846153846154 0.6730769230769231 0.078125 0.08052884615384616
0 0.2620192307692308 0.6826923076923077 0.06610576923076923 0.08774038461538461
0 0.35216346153846156 0.6838942307692307 0.08052884615384616 0.08413461538461539
0 0.4543269230769231 0.8161057692307693 0.09134615384615384 0.09375
0 0.5300480769230769 0.7019230769230769 0.1622596153846154 0.125
0 0.5649038461538461 0.8209134615384616 0.09134615384615384 0.06850961538461539
0 0.9579326923076923 0.8497596153846154 0.08052884615384616 0.11778846153846154
0 0.953125 0.7163461538461539 0.0733173076923077 0.09014423076923077