0 0.22956730769230768 0.6814903846153846 0.23798076923076922 0.5889423076923077
0 0.05889423076923077 0.7992788461538461 0.1141826923076923 0.3858173076923077
0 0.5048076923076923 0.6466346153846154 0.234375 0.6346153846153846
0 0.6646634615384616 0.7175480769230769 0.19831730769230768 0.484375
0 0.9122596153846154 0.7199519230769231 0.17427884615384615 0.39783653846153844
0 0.36658653846153844 0.29086538461538464 0.171875 0.3954326923076923
0 0.7367788461538461 0.27163461538461536 0.18990384615384615 0.3401442307692308
0 0.5925480769230769 0.16105769230769232 0.1935096153846154 0.3173076923076923
0 0.25961538461538464 0.12379807692307693 0.1875 0.24158653846153846
0 0.43990384615384615 0.08173076923076923 0.11057692307692307 0.15985576923076922
0 0.9122596153846154 0.10216346153846154 0.12860576923076922 0.19831730769230768