0 0.30408653846153844 0.390625 0.18509615384615385 0.28125
0 0.2548076923076923 0.765625 0.27884615384615385 0.18509615384615385
0 0.6586538461538461 0.09975961538461539 0.3161057692307692 0.1658653846153846
0 0.5564903846153846 0.7932692307692307 0.33413461538461536 0.20192307692307693
0 0.17307692307692307 0.44471153846153844 0.18389423076923078 0.3076923076923077
0 0.10096153846153846 0.6165865384615384 0.20192307692307693 0.23317307692307693
0 0.06129807692307692 0.35336538461538464 0.1045673076923077 0.19230769230769232
0 0.6069711538461539 0.4074519230769231 0.23197115384615385 0.23317307692307693
0 0.7007211538461539 0.49759615384615385 0.33774038461538464 0.17307692307692307
0 0.65625 0.9122596153846154 0.22596153846153846 0.16466346153846154
0 0.9038461538461539 0.15985576923076922 0.1875 0.2860576923076923
0 0.32572115384615385 0.13942307692307693 0.31971153846153844 0.17668269230769232
0 0.5685096153846154 0.24759615384615385 0.33413461538461536 0.1310096153846154
0 0.5240384615384616 0.6430288461538461 0.34134615384615385 0.12740384615384615