0 0.5060096153846154 0.09014423076923077 0.0985576923076923 0.0985576923076923
0 0.12980769230769232 0.453125 0.11057692307692307 0.1466346153846154
0 0.27884615384615385 0.13701923076923078 0.06129807692307692 0.0625
0 0.31490384615384615 0.7776442307692307 0.05889423076923077 0.055288461538461536
0 0.7980769230769231 0.10817307692307693 0.07692307692307693 0.1045673076923077
0 0.5348557692307693 0.6346153846153846 0.06610576923076923 0.08533653846153846
0 0.8930288461538461 0.6454326923076923 0.054086538461538464 0.055288461538461536
0 0.6478365384615384 0.7247596153846154 0.04567307692307692 0.026442307692307692
0 0.7091346153846154 0.9795673076923077 0.04807692307692308 0.036057692307692304
0 0.390625 0.3173076923076923 0.051682692307692304 0.025240384615384616
0 0.7091346153846154 0.2920673076923077 0.04807692307692308 0.03245192307692308